968564981 42
1662367903 35
5443191671 289
5082252468 57

5647903339 1210
1939568141 1052
5113264438 470

5093687309 48
5969842834 41
5468678001 48
5384492636 1437
1004457456 5213
727849789 918
1922522807 520
813855013 45
5857172853 1958
5640958137 997
5251690817 95
5472724338 98
 0
93039116 991
1790082798 97
5221813293 816
1439861894 492
1603529478 90
638618379 32
5438015774 2175
5377161650 89
5783611916 54
5264501009 782
6374229158 49993

759628309 100
5749108070 48
6153246882 15
5927355574 96
642040790 137
5741924172 15
1207734260 192
5287274425 83
890091227 23
1441271788 243
1940606615 77

1009971996 100
1329931184 89
5342338593 96
5494373287 87
1778110596 487
5293181244 37
1283617971 124
1685944314 133
1774752674 34

2091292166 290
1276807751 98
1813325319 200
6248130834 200
6016619270 177
1830115796 298

1662179915 1960
1552955226 244
5466062869 98
5904727382 34
6089717639 569
5525281518 100
1733092158 100
5759666033 86
5206680186 65
910620391 197
1181218991 199
1083673684 21
1129358376 188
5813794105 100
5527202810 0


1414012079 495
5889866811 89

5329617501 8


5507298706 464
1440821116 97

1219448009 190
1903622800 94

605148638 86

5595575467 148
5156132639 91

1169132807 87

6244197267 70

6168600877 100
6263054535 99

1953429987 98

556451743 197
5664612329 168
6087854318 97

1209001521 47
2104057670 64

